{
 "cells": [
  {
   "cell_type": "code",
   "execution_count": 1,
   "id": "111e75b1-1d4c-47a1-adc3-97a8d4096111",
   "metadata": {},
   "outputs": [],
   "source": [
    "import numpy as np\n",
    "from scipy.spatial.transform import Rotation"
   ]
  },
  {
   "cell_type": "code",
   "execution_count": 2,
   "id": "478a3ced-708d-4c2a-a58c-ffda2ead7537",
   "metadata": {},
   "outputs": [],
   "source": [
    "T_oi = [[1.0, 0.0, 0.0, 0.71],\n",
    "         [0.0, 1.0, 0.0, -0.0165],\n",
    "         [0.0, 0.0, 1.0, 0.42],\n",
    "         [0.0, 0.0, 0.0, 1.0]]"
   ]
  },
  {
   "cell_type": "code",
   "execution_count": 3,
   "id": "f0b912c6-f75f-4134-bfc1-372a45868f30",
   "metadata": {},
   "outputs": [
    {
     "data": {
      "text/plain": [
       "[[1.0, 0.0, 0.0, 0.71],\n",
       " [0.0, 1.0, 0.0, -0.0165],\n",
       " [0.0, 0.0, 1.0, 0.42],\n",
       " [0.0, 0.0, 0.0, 1.0]]"
      ]
     },
     "execution_count": 3,
     "metadata": {},
     "output_type": "execute_result"
    }
   ],
   "source": [
    "T_oi"
   ]
  },
  {
   "cell_type": "code",
   "execution_count": 4,
   "id": "20864a36-ec0e-40a5-be89-d8f94dc1f09b",
   "metadata": {},
   "outputs": [],
   "source": [
    "T_ci = [[0.005459969472053433, -0.9998896692056289, 0.013814418164449227, 0.0754590075458481],\n",
    "         [0.0021750466690124703, -0.013802716671227067, -0.9999023723266596, -0.019547802789885316],\n",
    "         [0.9999827288035288, 0.005489483432150222, 0.0020994442827294013, -0.010584573188241865],\n",
    "         [0.0, 0.0, 0.0, 1.0]]"
   ]
  },
  {
   "cell_type": "code",
   "execution_count": 5,
   "id": "cb107b93-d7b8-4e37-a6fe-3fbd7f309c86",
   "metadata": {},
   "outputs": [],
   "source": [
    "T_ci_inv = np.linalg.inv(T_ci)"
   ]
  },
  {
   "cell_type": "code",
   "execution_count": 6,
   "id": "9df6e75e-94bb-4ca4-a491-a231c8f97727",
   "metadata": {},
   "outputs": [
    {
     "data": {
      "text/plain": [
       "array([[ 0.00545997,  0.00217505,  0.99998273,  0.7202149 ],\n",
       "       [-0.99988967, -0.01380272,  0.00548948,  0.05873897],\n",
       "       [ 0.01381442, -0.99990237,  0.00209944,  0.39943391],\n",
       "       [ 0.        ,  0.        ,  0.        ,  1.        ]])"
      ]
     },
     "execution_count": 6,
     "metadata": {},
     "output_type": "execute_result"
    }
   ],
   "source": [
    "T_oc = np.dot(T_oi, T_ci_inv)\n",
    "T_oc"
   ]
  },
  {
   "cell_type": "code",
   "execution_count": 7,
   "id": "91a6ae8c-502e-49ee-b936-4a52f4278aee",
   "metadata": {},
   "outputs": [
    {
     "data": {
      "text/plain": [
       "array([[ 0.00545997,  0.00217505,  0.99998273],\n",
       "       [-0.99988967, -0.01380272,  0.00548948],\n",
       "       [ 0.01381442, -0.99990237,  0.00209944]])"
      ]
     },
     "execution_count": 7,
     "metadata": {},
     "output_type": "execute_result"
    }
   ],
   "source": [
    "R = T_oc[:3,:3]\n",
    "R"
   ]
  },
  {
   "cell_type": "code",
   "execution_count": 8,
   "id": "22115527-4699-41c4-abcd-4909fb78f5eb",
   "metadata": {},
   "outputs": [
    {
     "data": {
      "text/plain": [
       "array([0.7202149 , 0.05873897, 0.39943391])"
      ]
     },
     "execution_count": 8,
     "metadata": {},
     "output_type": "execute_result"
    }
   ],
   "source": [
    "t = T_oc[:3, 3]\n",
    "t"
   ]
  },
  {
   "cell_type": "code",
   "execution_count": 10,
   "id": "b79a0f82-b129-4993-9e7f-d0e7f2cb8159",
   "metadata": {},
   "outputs": [
    {
     "data": {
      "text/plain": [
       "array([ 0.51917192, -0.4892138 ,  0.50135492, -0.48966684])"
      ]
     },
     "execution_count": 10,
     "metadata": {},
     "output_type": "execute_result"
    }
   ],
   "source": [
    "rotation = Rotation.from_matrix(R)\n",
    "quaternion = rotation.as_quat()\n",
    "quaternion"
   ]
  },
  {
   "cell_type": "code",
   "execution_count": null,
   "id": "d54f2bd3-e957-425e-a9cc-9063d9764165",
   "metadata": {},
   "outputs": [],
   "source": []
  }
 ],
 "metadata": {
  "kernelspec": {
   "display_name": "Python 3 (ipykernel)",
   "language": "python",
   "name": "python3"
  },
  "language_info": {
   "codemirror_mode": {
    "name": "ipython",
    "version": 3
   },
   "file_extension": ".py",
   "mimetype": "text/x-python",
   "name": "python",
   "nbconvert_exporter": "python",
   "pygments_lexer": "ipython3",
   "version": "3.8.19"
  }
 },
 "nbformat": 4,
 "nbformat_minor": 5
}
